pow
-1
pow
-2.3
pow
5
0
1
50
1155.18906277823
-0.04622803839375961
0.8572086677165823
1.8140015369330442
2.4603466946898087
2.7270729176226802
2.6860306351594185
2.456315318276447
2.1519413452858798
1.857262075294885
1.620044629778594
1.4548907157032855
1.3518345319864715
1.2865905135117943
1.2301784820208348
1.1566056055118463
1.0479961734354912
0.8970783763190026
0.7072972760795823
0.49105224862666186
0.2666775406272951
0.05481539551099843
-0.12520984083239925
-0.2585040404432707
-0.3368231598388576
-0.35967675428604606
-0.3342514520182599
-0.27424127565136025
-0.19779963650338556
-0.12492272563425805
-0.07462870763018742
-0.06230815482747598
-0.09758908349197315
-0.18298929022087523
-0.3135275981121107
-0.47734524685912744
-0.6572621930083324
-0.8330746122274605
-0.9843029616590747
-1.0930363686534283
-1.1464973788480446
-1.1389755045305505
-1.07284784941676
-0.9585141541380302
-0.8132107278150842
-0.6588173565226556
-0.5189151168913526
-0.4154717110142275
-0.36560678157161514
-0.3789083061545552
-0.4557251226772834
-0.5867495481576956
-0.7540371809355382
-0.9334066631326836
-1.0979461905093324
-1.222157243999243
-1.2861221843335127
-1.2790203834872003
-1.2013582154427305
-1.0654292416012923
-0.8937727337405393
-0.7157232819167031
-0.562495173218159
-0.46156364392993476
-0.43132889483971926
-0.47711395855588135
-0.5894221945218497
-0.7450438126026516
-0.9110948386044427
-1.051458214619156
-1.134494954729635
-1.1404382844249463
-1.0667152893424106
-0.9296458788520323
-0.7616250178932182
-0.6038883251150651
-0.4961524600839675
-0.46553958517322824
-0.5178555987147047
-0.6342143358669636
-0.7749702012944908
-0.8909716006159578
-0.9396254370182577
-0.9009327739931177
-0.7873634994431631
-0.6422342716599815
-0.5245621535729151
-0.4838628261885606
-0.5345048636710271
-0.6430117018893361
-0.7398285888135433
-0.7569929875060916
-0.6759903253242373
-0.5533988538011908
-0.49012250587344164
-0.5409366257488727
-0.6301415068656205
-0.6072134698927403
-0.5054552000761032
-0.5518859794735909
