sin(x)
2
const
3
exp(x)
-1
0
11
3
0.7099664331497672
0.2124788099949505
0.4249833437023718
0.6373956185264306
0.8495998712217186
1.0614825578932525
1.2729323539964739
1.4838401543372484
1.6940990730718686
1.9036044437070503
2.112253819099935
2.319946971458089
2.5265858923395017
2.7320747926525923
2.9363201026561994
3.13923047195959
3.340716769522454
3.5406920836549087
3.739071722017494
3.935773211621174
4.130716298827343
4.323822949347814
4.515017348244827
4.70422589993105
4.891377228169571
5.0764021760739055
5.259233806107995
5.439807400086203
5.618060459173321
5.793932703884565
5.967366074085571
6.1383047289924075
6.306695047171564
6.472485626539953
6.635627284364917
6.79607305726422
6.953778201206049
7.108700191509022
7.260798722842176
7.410035709224976
7.556375284027313
7.6997837999695
7.840229829122274
7.977684162906801
8.112119812094672
8.243512006807899
8.37183819651892
8.4970780500506
8.61921345557623
8.738228520619518
8.854109572054607
8.96684515610606
9.076426038348867
9.182845203708439
9.286097856460614
9.386181420231656
9.483095537998254
9.576842072087523
9.667425104176996
9.75485093529464
9.839128085818842
9.920267295478414
9.998281523352597
10.07318594787105
10.144997966813865
10.21373719731155
10.279425475845045
10.342086858245711
10.401747619695339
10.458436254726138
10.512183477220749
10.563022220412227
10.610987636884067
10.656117098570178
10.698450196754898
10.738028742072986
10.77489676450963
10.809100513400448
10.840688457431469
10.869711284639159
10.8962219024104
10.92027543748251
10.941929235943224
10.961242863230698
10.978278104133526
10.993098962790715
11.0057716626917
11.016364646676347
11.02494857693494
11.031596335008187
11.036383021787227
11.039385957513623
11.040684681779359
11.040360953526845
11.038498751048914
11.035184271988832
11.030505933340285
11.024554371447378
11.017422442004651
11.009205220057062
